template	NADA
0	4.1200	0.0010	--undefined--	--undefined--	19.7886	15.9176	35.4579	0.2981	2.8169	--undefined--	18.6293	22.0817	21.5268	22.2168	--undefined--	--undefined--	1501.9134	1483.5186	2416.3960	2353.2336	sil	Y	^	sil	1	.	6.3842	24.7072	6.3842	24.7072	None	None	-1
4.1200	4.2700	114.7924	112.4093	116.8269	38.5204	22.0272	52.9314	4.1210	4.2650	22.2168	32.9959	34.8385	48.1398	53.5850	8.979%	16.674%	1388.6598	2213.2953	2460.0648	2452.9295	Y	AA1	sil	Y	1	_ya	13.7578	17.2718	12.7540	17.2718	None	None	-2
4.2700	4.3500	116.1892	113.8472	116.8906	55.9901	54.1501	56.7703	4.2750	4.3286	53.5850	55.4331	56.5124	56.7657	56.5760	0.713%	4.142%	621.5836	626.0603	1770.8692	1768.3881	AA1	Y	Y	AA1	2	_ya	13.7578	17.2718	15.1783	16.5541	None	None	-1
4.3500	4.4700	115.2112	112.1116	120.9600	55.6589	54.8929	56.5081	4.4210	4.3550	56.5760	56.1918	55.0465	55.1848	56.0031	1.274%	8.915%	380.4304	374.5387	2072.8295	2053.9339	Y	UW1	AA1	Y	1	_you	19.3459	22.1921	18.9722	22.1921	None	None	-2
4.4700	4.5000	121.1605	120.9600	121.3162	55.8831	55.6568	56.0739	4.4950	4.4770	56.0031	56.0736	55.9919	55.7490	55.4606	0.509%	2.330%	419.1652	422.9352	2197.4162	2206.5610	UW1	N	Y	UW1	2	_you	19.3459	22.1921	20.5840	21.9337	None	None	-1
4.5000	4.5600	130.5384	121.3162	141.7398	55.8405	55.1439	57.1697	4.5152	4.5550	55.4606	55.1440	55.4407	56.3554	57.5479	1.712%	4.604%	347.0082	342.1998	1648.2749	1671.5467	N	OW1	UW1	OW1	1	_know	20.6543	23.3513	16.1599	20.1158	None	None	-2
4.5600	4.6500	158.5690	141.7398	172.8057	58.3515	57.5732	58.6851	4.6450	4.6131	57.5479	58.5654	58.6626	58.5868	57.0308	1.653%	5.323%	766.1214	997.2177	2013.5956	2617.9799	OW1	W	N	OW1	2	_know	20.6543	23.3513	22.2071	23.3513	None	None	-1
4.6500	4.7300	182.2055	172.8057	194.5191	53.8451	52.2867	56.4069	4.6970	4.6550	57.0308	54.3242	52.4466	52.8379	55.1350	0.805%	16.006%	506.2042	518.5697	1047.1146	973.9197	W	AH1	OW1	AH1	1	_what	14.6959	17.4702	14.4980	17.4702	None	None	0
4.7300	4.7800	199.4975	194.5191	201.4283	56.8570	55.7321	57.6482	4.7350	4.7629	55.1350	56.5140	57.4191	57.5778	56.4746	0.686%	5.850%	417.4113	416.9957	1268.2121	1260.3192	AH1	T	W	AH1	2	_what	14.6959	17.4702	15.5185	16.3547	None	None	-2
4.7800	4.8100	200.1873	197.9796	201.3216	52.2580	48.7785	55.5522	4.8050	4.7850	56.4746	54.9655	52.7455	49.7982	46.5766	2.046%	6.094%	374.9496	374.0690	1413.4405	1427.9210	T	DH	AH1	DH	3	_what	14.6959	17.4702	13.5673	15.0189	None	None	-1
4.8100	4.8400	191.0857	188.3914	197.9796	45.7209	44.0336	47.2382	4.8216	4.8350	46.5766	44.3374	44.2426	46.4006	48.8324	6.005%	--undefined--	854.5025	967.8994	2086.4766	2210.6011	DH	IH0	T	DH	1	_this	34.3196	38.4018	20.3284	22.6899	None	None	0
4.8400	4.9500	178.0764	165.7094	188.3914	51.3951	47.3694	53.7324	4.9450	4.8753	48.8324	53.5869	52.9282	50.3829	46.7705	2.675%	10.053%	369.8471	367.3249	1812.0666	1828.5576	IH0	S	DH	IH0	2	_this	34.3196	38.4018	32.1986	36.2393	None	None	-2
4.9500	5.0100	165.7094	165.7094	165.7094	44.9751	44.3394	46.2345	5.0050	4.9550	46.7705	45.3965	44.6582	44.3993	44.2542	--undefined--	--undefined--	882.3618	887.0452	1866.9967	1860.4556	S	F	IH0	IY1	3	_this	34.3196	38.4018	37.7210	38.4018	None	None	-1
5.0100	5.1400	101.2000	101.1287	101.2356	44.4992	41.2597	49.7408	5.0525	5.1350	44.2542	41.6977	43.3651	46.1226	50.9669	--undefined--	--undefined--	1674.6588	1593.4062	2476.7760	2611.5383	F	IY1	S	IY1	1	_feels	34.0895	41.7574	29.0644	35.2500	None	None	0
5.1400	5.2300	107.5774	100.6316	114.7919	55.5530	52.1094	56.7409	5.1450	5.2065	50.9669	54.8605	56.4334	56.7383	56.6557	1.671%	7.175%	423.6736	424.0320	1847.1908	1847.7396	IY1	L	F	IY1	2	_feels	34.0895	41.7574	18.6465	19.3428	None	None	0
5.2300	5.3100	120.2095	114.7919	125.2606	53.8485	47.4118	56.7438	5.3050	5.2430	56.6557	56.7093	55.4032	51.5840	46.0144	3.719%	14.362%	468.7582	469.1226	1263.4285	1249.8278	L	Z	IY1	AY1	3	_feels	34.0895	41.7574	28.8058	35.3473	None	None	-2
5.3100	5.4100	139.1873	125.2606	153.1141	42.7479	39.5790	44.8223	5.3891	5.3150	46.0144	43.5995	43.3110	39.7372	45.2937	--undefined--	--undefined--	1340.4824	1344.1189	2358.2488	2323.1271	Z	L	L	AY1	4	_feels	34.0895	41.7574	39.3121	41.7574	None	None	-1
5.4100	5.4500	155.4445	153.1141	157.0864	50.5215	47.1680	53.2834	5.4150	5.4450	45.2937	48.7146	51.0925	52.6862	53.7965	0.628%	11.512%	432.3833	425.1380	1233.8629	1216.0185	L	AY1	Z	AY1	1	_like	18.7567	24.1802	18.3872	21.9730	None	None	0
5.4500	5.6400	171.0427	157.0864	177.2620	57.3811	52.7969	60.1579	5.6350	5.5628	53.7965	57.3243	59.5614	58.5713	51.3231	0.894%	5.055%	533.3684	525.2242	1847.3665	1858.9386	AY1	K	L	AY1	2	_like	18.7567	24.1802	19.4794	24.1802	None	None	-2
5.6400	5.6800	0.0010	--undefined--	--undefined--	44.4109	40.3790	49.6094	5.6725	5.6450	51.3231	47.6034	43.2069	40.4958	41.5495	--undefined--	--undefined--	468.2231	468.6251	2060.3645	2059.2876	K	IH1	AY1	IH1	3	_like	18.7567	24.1802	12.2115	15.6994	None	None	-1
5.6800	5.7700	111.6465	110.2487	114.9602	51.0612	43.0825	55.3913	5.6850	5.7511	41.5495	47.9380	52.6603	55.3115	53.4780	--undefined--	--undefined--	418.1652	415.9334	2052.3030	2049.2653	IH1	T	K	IH1	1	_it	16.1565	23.6295	13.5273	15.3852	None	None	-2
5.7700	5.8600	114.4985	114.4254	114.6441	38.0164	30.5905	52.2718	5.8340	5.7750	53.4780	45.4553	33.5366	30.6901	31.4893	0.990%	--undefined--	521.2936	435.8929	1951.3279	1906.0919	T	F	IH1	IY1	2	_it	16.1565	23.6295	17.7825	23.6295	None	None	-1
5.8600	5.9700	122.6458	122.6458	122.6458	34.9394	27.7323	49.6076	5.8920	5.9650	31.4893	27.9613	31.6325	39.4617	51.4223	--undefined--	--undefined--	1091.2967	914.4103	2154.6500	2211.6698	F	IY1	T	IY1	1	_feels	26.8788	32.4032	22.1311	23.7795	None	None	0
5.9700	6.0600	123.7958	122.6458	126.0070	56.6346	52.9710	57.7237	5.9750	6.0528	51.4223	56.3620	57.5233	57.5717	57.6746	1.195%	6.479%	419.2708	416.0588	1783.5621	1788.6379	IY1	L	F	IY1	2	_feels	26.8788	32.4032	22.7512	23.9747	None	None	0
6.0600	6.1100	127.9082	126.0070	130.1293	55.7302	53.1355	57.5633	6.1050	6.0650	57.6746	57.2372	56.2195	54.5335	52.0045	1.106%	8.100%	461.5912	467.8134	1215.4595	1211.4585	L	Z	IY1	AY1	3	_feels	26.8788	32.4032	25.9211	28.8614	None	None	-2
6.1100	6.2000	128.0498	126.1529	130.1292	41.9644	37.3499	50.7214	6.1738	6.1150	52.0045	45.2199	39.0651	37.3838	42.8024	0.400%	19.825%	489.7428	476.5802	1858.4892	1797.9390	Z	L	L	AY1	4	_feels	26.8788	32.4032	30.9202	32.4032	None	None	-1
6.2000	6.2400	123.6554	122.9224	124.0169	50.4579	45.3003	54.5515	6.2050	6.2350	42.8024	47.6087	51.4051	53.8088	55.0342	--undefined--	--undefined--	851.1427	850.6407	1861.2656	1859.5522	L	AY1	Z	AY1	1	_like	21.0806	29.4966	26.3025	29.4966	None	None	0
6.2400	6.3200	123.5090	121.4305	126.0175	54.4076	52.3370	55.4278	6.3150	6.2540	55.0342	55.3641	54.8210	53.8374	51.6268	1.377%	7.377%	493.6766	494.7312	1677.5930	1677.0153	AY1	K	L	AY1	2	_like	21.0806	29.4966	13.4253	15.0000	None	None	-2
6.3200	6.3500	126.1631	126.0175	126.2359	49.5882	48.4113	50.8602	6.3450	6.3250	51.6268	50.4626	49.3105	48.5588	48.3504	5.755%	--undefined--	371.0216	367.0786	2026.5688	2037.3866	K	AH0	AY1	AH0	3	_like	21.0806	29.4966	11.2917	11.8198	None	None	-1
6.3500	6.4800	106.2227	106.1800	106.3082	49.5447	44.8933	54.3104	6.3983	6.4561	48.3504	46.3351	46.8653	53.9946	52.7634	--undefined--	--undefined--	558.5619	532.5208	1775.4298	1791.0379	AH0	M	K	AH0	1	_i'm	10.8525	15.5028	11.8481	15.5028	None	None	-2
6.4800	6.5500	105.3234	104.6398	106.5195	52.2345	51.9799	52.5650	6.5071	6.5450	52.7634	52.0278	52.0191	52.2619	52.7125	1.006%	3.238%	341.5630	347.5722	1569.5247	1486.1971	M	IH0	AH0	IH0	2	_i'm	10.8525	15.5028	8.0254	11.5837	None	None	-1
6.5500	6.6200	105.0443	104.5273	105.9064	53.0725	52.6849	53.3216	6.6150	6.5852	52.7125	53.1667	53.3216	53.1449	52.4264	0.446%	1.342%	434.8309	431.3301	1154.7128	1176.2912	IH0	N	M	IH0	1	_in	18.7436	20.5361	19.3783	20.5361	None	None	-2
6.6200	6.6600	105.5693	105.0769	105.9506	51.6358	51.2933	52.1529	6.6502	6.6250	52.4264	51.8824	51.4524	51.2906	51.4268	1.002%	3.054%	556.9891	555.6508	2365.2356	2365.4032	N	L	IH0	AY1	2	_in	18.7436	20.5361	17.3449	19.2921	None	None	-1
6.6600	6.7000	105.3862	105.0838	105.5843	52.2399	51.5806	52.9298	6.6650	6.6950	51.4268	51.7673	52.1993	52.6744	53.2037	0.922%	3.420%	712.1488	711.2974	2437.1511	2435.2105	L	AY1	N	AY1	1	_like	8.9378	11.4348	7.7493	9.6647	None	None	0
6.7000	6.8100	100.1714	94.2024	105.1686	52.9009	46.6617	54.9807	6.8050	6.7398	53.2037	54.7371	54.6525	52.3076	44.7885	2.416%	7.394%	527.3962	519.2673	1781.4823	1782.1208	AY1	K	L	AY1	2	_like	8.9378	11.4348	9.8053	11.4348	None	None	-2
6.8100	6.8600	94.2024	94.2024	94.2024	39.1092	35.9050	42.8012	6.8386	6.8150	44.7885	39.7280	36.1125	37.2312	42.3863	--undefined--	--undefined--	467.1813	466.4979	1994.1470	1969.5464	K	AH0	AY1	AH0	3	_like	8.9378	11.4348	7.4201	8.9103	None	None	-1
6.8600	6.9100	97.2770	95.5525	98.0591	47.5586	44.4013	49.3099	6.8650	6.8928	42.3863	46.7575	48.9752	49.1790	47.7347	3.496%	15.869%	383.2768	392.0247	1758.5863	1759.6452	AH0	V	K	AH0	1	_a	7.0727	8.4223	7.0727	8.4223	None	None	-1
6.9100	7.0100	92.6937	90.1326	95.5525	41.2043	38.4613	46.8314	6.9893	6.9150	47.7347	42.7785	40.1244	38.5135	40.3087	4.715%	13.899%	253.0605	260.6156	1825.1489	1832.9119	V	R	AH0	EY1	1	_vr	11.4273	14.8804	9.8495	14.6513	None	None	-2
7.0100	7.0500	95.3414	95.1676	95.8985	43.9070	41.2490	46.2373	7.0150	7.0450	40.3087	42.2548	44.1856	45.6904	46.6420	11.472%	--undefined--	270.8649	253.5492	2197.6879	2191.3291	R	G	V	EY1	2	_vr	11.4273	14.8804	13.8863	14.8804	None	None	-1
7.0500	7.1500	100.4183	95.8985	102.6638	48.4440	46.9354	51.3591	7.0550	7.1450	46.6420	47.4447	47.8837	49.2462	51.8160	0.878%	4.213%	261.3805	256.1116	2235.2865	2170.4737	G	EY1	R	EY1	1	_game	15.5561	17.3707	16.2187	17.3707	None	None	0
7.1500	7.1900	102.1828	101.4965	102.5822	52.7183	52.2035	53.0874	7.1550	7.1831	51.8160	52.4994	52.8856	53.0671	53.0309	1.479%	10.135%	398.2717	398.2318	2044.1010	2043.6947	EY1	M	G	EY1	2	_game	15.5561	17.3707	16.1067	17.1653	None	None	-2
7.1900	7.2200	99.9743	98.2060	101.4965	52.1055	51.2613	52.8879	7.2150	7.1950	53.0309	52.7670	52.2463	51.5045	50.8037	1.469%	--undefined--	511.1297	508.1519	1568.0829	1569.9309	M	AO1	EY1	AO1	3	_game	15.5561	17.3707	9.8749	11.4675	None	None	-1
7.2200	7.2600	99.1421	98.2820	100.5500	50.4034	50.1557	50.5789	7.2368	7.2550	50.8037	50.2389	50.1914	50.4212	50.7505	1.261%	0.543%	586.7395	586.5699	1256.4285	1255.8217	AO1	R	M	AO1	1	_or	5.4374	6.8348	5.9063	6.8348	None	None	-2
7.2600	7.3300	101.5954	98.7272	102.5675	50.9982	50.1743	51.4473	7.3250	7.2895	50.7505	51.3011	51.4169	50.8496	49.9354	1.371%	3.889%	551.9278	553.5103	1341.4080	1339.3983	R	AY1	AO1	AY1	2	_or	5.4374	6.8348	5.1449	5.8569	None	None	-1
7.3300	7.4100	96.9820	95.2459	98.7272	45.5382	37.5385	49.7256	7.4050	7.3350	49.9354	49.2113	47.2356	42.4015	36.0959	6.748%	14.888%	363.9485	355.4632	2088.8907	2127.9458	AY1	sp	R	AY1	1	_i	5.3208	6.8245	5.3208	6.8245	None	None	-1
7.4100	7.4700	0.0010	--undefined--	--undefined--	33.6377	31.8018	34.7953	7.4342	7.4150	36.0959	32.6704	32.2583	34.3295	35.1223	--undefined--	--undefined--	480.6301	427.7430	2074.8111	2051.6869	sp	M	AY1	IY1	1	.	8.1100	11.4727	8.1100	11.4727	None	None	-1
7.4700	7.5100	90.7658	90.7658	90.7658	40.7460	35.8595	45.0852	7.4750	7.5050	35.1223	37.4163	41.0776	44.0571	45.8245	--undefined--	--undefined--	303.5114	300.3679	2399.3592	2397.3703	M	IY1	sp	IY1	1	_mean	7.1095	12.6204	11.3395	11.7919	None	None	0
7.5100	7.6800	80.8949	73.5375	90.7658	46.8757	46.3352	47.2476	7.5150	7.6104	45.8245	47.0017	47.0687	46.7789	46.4138	2.563%	5.220%	440.9185	425.9563	2316.5877	2322.4153	IY1	N	M	IY1	2	_mean	7.1095	12.6204	10.7163	12.6204	None	None	-2
7.6800	8.2700	85.1137	70.7806	123.3844	44.7666	36.2040	50.9018	8.2650	7.9480	46.4138	38.2629	50.6855	44.5939	35.4252	2.811%	9.362%	563.8840	525.0769	1438.5450	1099.7852	N	sp	IY1	AY1	3	_mean	7.1095	12.6204	4.2297	7.1096	None	None	-1
8.2700	8.4000	0.0010	--undefined--	--undefined--	29.4405	27.5428	34.6183	8.3473	8.2750	35.4252	30.2541	27.8433	28.0441	28.7525	--undefined--	--undefined--	1191.1120	1189.1439	1683.7039	1727.5062	sp	L	N	AY1	1	.	2.4395	3.1358	2.4395	3.1358	None	None	-1
8.4000	8.4300	0.0010	--undefined--	--undefined--	30.1449	29.1482	31.0836	8.4050	8.4250	28.7525	29.3923	30.2160	30.8923	31.3762	--undefined--	--undefined--	855.5948	828.2498	1659.1158	1653.8371	L	AY1	sp	AY1	1	_like	2.0304	2.5001	2.2267	2.2307	None	None	0
8.4300	8.4700	0.0010	--undefined--	--undefined--	32.8221	31.6535	33.9706	8.4350	8.4643	31.3762	31.9973	32.9260	33.8062	33.7935	--undefined--	--undefined--	938.3478	940.6504	1529.6238	1528.8665	AY1	K	L	AY1	2	_like	2.0304	2.5001	2.3459	2.5001	None	None	-2
8.4700	8.5400	0.0010	--undefined--	--undefined--	24.8968	19.8704	33.2638	8.5209	8.4750	33.7935	30.1137	22.5036	19.8353	20.6185	--undefined--	--undefined--	1408.3942	1445.6692	2564.9360	2567.0253	K	sp	AY1	AH0	3	_like	2.0304	2.5001	1.7482	1.8803	None	None	-1
8.5400	8.6900	0.0010	--undefined--	--undefined--	19.5657	18.3717	20.6427	8.6820	8.5419	20.6185	19.2587	19.5285	19.8022	19.6679	--undefined--	--undefined--	1765.0124	1760.0364	2555.7301	2523.6483	sp	AH0	K	AH0	1	.	4.1263	7.7345	4.1263	7.7345	None	None	-1
8.6900	9.1900	98.4014	93.4726	102.3968	45.6323	22.0721	52.4276	8.6950	8.8807	19.6679	48.8807	49.6546	39.8910	35.4478	1.951%	6.837%	548.9838	561.7005	1834.6655	1593.8449	AH0	sp	sp	AH0	1	_a	9.8658	15.9637	9.8658	15.9637	None	None	-1
9.1900	9.2400	0.0010	--undefined--	--undefined--	33.3813	32.7780	34.3509	9.2138	9.1950	35.4478	33.2177	32.7817	33.1787	33.4410	--undefined--	--undefined--	1365.7948	1366.4818	2266.5433	2291.4032	sp	F	AH0	ER1	1	.	19.1905	20.1037	19.1905	20.1037	None	None	-1
9.2400	9.3200	102.3621	102.3621	102.3621	40.0630	33.5137	50.6956	9.2450	9.3150	33.4410	34.1282	37.5774	46.2135	51.5545	--undefined--	--undefined--	1243.5562	1231.0555	2274.0794	2298.3046	F	ER1	sp	ER1	1	_first	26.3101	33.4263	19.3376	21.3343	None	None	0
9.3200	9.3900	99.3908	96.9167	102.3621	50.7579	46.7109	52.7352	9.3850	9.3382	51.5545	52.7305	51.9218	49.4859	45.4235	1.289%	11.034%	458.6039	451.9076	1557.4400	1538.8834	ER1	S	F	ER1	2	_first	26.3101	33.4263	9.9372	12.9591	None	None	0
9.3900	9.4500	97.1854	97.0846	97.2358	41.8405	40.6653	44.1618	9.4241	9.3950	45.4235	42.0792	40.7184	41.0880	41.9088	--undefined--	--undefined--	1561.2918	1559.4428	2902.7867	2913.3182	S	T	ER1	ER1	3	_first	26.3101	33.4263	29.1387	33.1099	None	None	-2
9.4500	9.4800	0.0010	--undefined--	--undefined--	41.2576	40.5484	41.9492	9.4750	9.4529	41.9088	41.8721	41.4576	40.8025	40.0065	--undefined--	--undefined--	1680.7765	1716.4462	2861.3390	2875.2235	T	P	S	ER1	4	_first	26.3101	33.4263	31.8424	33.4263	None	None	-1
9.4800	9.5600	0.0010	--undefined--	--undefined--	39.4539	35.9529	46.7972	9.5156	9.5550	40.0065	37.2478	36.0131	40.9037	48.2087	--undefined--	--undefined--	1479.3936	1541.7151	2315.0408	2383.9474	P	ER1	T	ER1	1	_person	23.5528	30.9032	19.7390	25.7162	None	None	0
9.5600	9.6400	94.8237	94.3925	95.4346	49.1655	45.4105	51.0640	9.6350	9.5865	48.2087	50.9488	50.5503	48.3058	44.2817	2.298%	12.219%	450.9201	453.7570	1649.2638	1672.2490	ER1	S	P	ER1	2	_person	23.5528	30.9032	14.6280	20.8749	None	None	0
9.6400	9.7300	509.6081	95.4346	563.2390	41.4044	40.5089	43.1844	9.6689	9.6450	44.2817	40.6960	41.1842	41.5613	40.8534	4.384%	18.293%	1642.6206	1683.6118	2782.7342	2777.9367	S	AH0	ER1	AH0	3	_person	23.5528	30.9032	28.5714	30.9032	None	None	0
9.7300	9.7800	83.4993	83.4128	83.6723	43.8182	41.0860	46.1393	9.7350	9.7750	40.8534	42.0083	44.0771	45.6522	46.2849	14.734%	--undefined--	346.0920	375.1754	1926.9810	1924.1348	AH0	N	S	AH0	4	_person	23.5528	30.9032	16.3409	20.6088	None	None	-2
9.7800	9.8200	86.0369	83.6723	89.1384	45.4918	44.4428	46.3062	9.8167	9.7833	46.2849	46.1929	45.6180	44.7653	44.5077	2.795%	--undefined--	400.2869	399.8319	1766.4531	1766.1679	N	SH	AH0	SH	5	_person	23.5528	30.9032	8.2375	11.1047	None	None	-1
9.8200	9.9800	0.0010	--undefined--	--undefined--	46.9367	44.8223	48.2933	9.8250	9.9222	44.5077	47.6893	47.4552	47.4505	45.1484	--undefined--	--undefined--	1821.7304	1831.7080	2653.0068	2692.5395	SH	UW1	N	SH	1	_shooter	21.3585	27.7824	24.4987	27.7824	None	None	0
9.9800	10.0100	0.0010	--undefined--	--undefined--	44.4855	43.7553	45.1246	10.0050	9.9850	45.1484	45.0714	44.7587	44.0554	43.0123	--undefined--	--undefined--	347.3946	346.7133	1847.6627	1854.9830	UW1	T	SH	UW1	2	_shooter	21.3585	27.7824	6.4971	7.8249	None	None	0
10.0100	10.0600	106.4726	105.9034	107.1673	43.8900	41.2219	47.9812	10.0248	10.0550	43.0123	41.3203	42.3407	45.9099	49.1183	9.306%	--undefined--	499.4055	121.4505	1864.5445	1648.8440	T	ER0	UW1	ER0	3	_shooter	21.3585	27.7824	4.1963	5.5645	None	None	-2
10.0600	10.1600	108.7122	107.1673	109.7651	50.9763	46.6301	52.8276	10.1550	10.1008	49.1183	52.3639	52.6878	50.8007	45.1261	1.253%	5.062%	379.8245	384.8230	1755.2166	1759.9759	ER0	G	T	ER0	4	_shooter	21.3585	27.7824	10.5718	12.3553	None	None	-1
10.1600	10.2400	116.7406	107.9531	121.9813	43.4262	36.6971	51.9069	10.1919	10.2350	45.1261	39.0045	38.4940	47.8693	52.6514	0.111%	--undefined--	355.8239	267.2316	2110.4862	2108.3307	G	EY1	ER0	EY1	1	_game	16.9226	23.1296	12.7128	17.5282	None	None	0
10.2400	10.4800	130.1523	121.9813	138.8044	54.2825	52.7383	55.4649	10.4750	10.3705	52.6514	53.7873	55.3718	54.7674	52.3922	0.634%	3.871%	470.2362	464.8280	2090.8014	1916.0641	EY1	M	G	EY1	2	_game	16.9226	23.1296	20.2782	23.1296	None	None	-2
10.4800	10.7400	150.0917	138.8044	163.9585	45.4847	32.6702	52.0444	10.7350	10.4850	52.3922	50.2905	46.3940	42.7927	30.7687	1.282%	4.954%	443.6398	174.7865	2310.4241	2381.5594	M	sp	EY1	AY1	3	_game	16.9226	23.1296	7.5346	15.7441	None	None	-1
10.7400	10.8000	0.0010	--undefined--	--undefined--	22.4182	19.5814	28.6392	10.7756	10.7450	30.7687	23.9417	19.7330	20.2167	21.4881	--undefined--	--undefined--	914.0798	875.1662	2360.6191	2378.0234	sp	AY1	M	AY1	1	.	7.3425	10.1164	7.3425	10.1164	None	None	-1
10.8000	10.8900	124.1896	124.1648	124.2220	33.2082	21.9036	41.9233	10.8050	10.8803	21.4881	25.3412	34.8074	40.9928	41.3718	0.229%	--undefined--	943.5520	850.0564	1869.8175	1820.1591	AY1	K	sp	AY1	1	_i	8.9442	10.5740	8.9442	10.5740	None	None	-1
10.8900	10.9200	119.4084	107.5478	124.2155	39.9182	39.0684	40.7472	10.9093	10.8950	41.3718	40.3596	39.2182	39.1015	40.4477	2.502%	--undefined--	815.6780	645.9812	2446.1928	2432.3735	K	AH0	AY1	AH0	1	_can	19.2467	28.7693	8.1659	8.5310	None	None	0
10.9200	10.9800	98.3244	91.8698	107.5478	45.7093	41.8753	47.4678	10.9250	10.9626	40.4477	44.5601	46.9653	47.4520	46.7387	6.054%	25.408%	484.5195	492.1222	2276.7578	2274.8445	AH0	N	K	AH0	2	_can	19.2467	28.7693	14.5366	16.0762	None	None	-2
10.9800	11.0600	91.9512	91.7103	92.2009	39.6101	31.8993	46.3489	11.0491	10.9850	46.7387	44.7373	40.5308	33.4882	33.4982	4.609%	--undefined--	457.6794	447.6220	2259.9654	2239.6876	N	S	AH0	IY1	3	_can	19.2467	28.7693	21.9001	28.7693	None	None	-1
11.0600	11.1400	0.0010	--undefined--	--undefined--	38.5680	34.7069	41.4263	11.0650	11.1350	33.4982	37.3905	39.1290	39.7545	42.2947	--undefined--	--undefined--	1029.5070	1012.5602	2066.0974	2054.0200	S	IY1	N	IY1	1	_see	28.3373	32.7597	29.6663	32.7597	None	None	-2
11.1400	11.1700	96.0252	96.0252	96.0252	43.8798	43.1332	44.4958	11.1450	11.1680	42.2947	43.4734	44.2445	44.4647	44.4312	--undefined--	--undefined--	592.6046	350.7143	2345.2475	2277.0142	IY1	M	S	IY1	2	_see	28.3373	32.7597	14.8979	16.3636	None	None	-1
11.1700	11.2400	100.5071	96.0252	102.1358	46.8644	44.3700	48.6327	11.1710	11.2350	44.4312	45.2471	47.2959	48.3845	48.6800	1.687%	14.027%	477.4827	350.4721	2366.2919	2450.7219	M	AY1	IY1	AY1	1	_my	7.8169	10.5390	6.1181	10.0860	None	None	-2
11.2400	11.3000	97.3584	95.5408	98.9395	47.9381	46.8731	48.6962	11.2950	11.2445	48.6800	48.6178	48.0934	47.3284	46.6943	1.384%	10.815%	498.9598	497.2196	1592.5231	1594.3453	AY1	OW1	M	AY1	2	_my	7.8169	10.5390	9.2084	10.5390	None	None	-1
11.3000	11.4100	95.4586	94.0156	96.7932	46.7507	45.5379	47.4963	11.4050	11.3575	46.6943	46.7297	47.4888	46.7617	45.2096	0.862%	6.873%	1127.7681	1146.3417	2528.9013	2544.5099	OW1	N	AY1	OW1	1	_own	9.4185	11.1284	9.7096	11.1284	None	None	-2
11.4100	11.4400	95.3878	94.2077	96.9645	43.8123	42.7597	44.8376	11.4350	11.4150	45.2096	44.6288	43.9186	43.0673	42.1043	4.849%	--undefined--	930.3553	908.6806	2496.5210	2503.3571	N	HH	OW1	HH	2	_own	9.4185	11.1284	8.1448	8.2142	None	None	-1
11.4400	11.5700	117.7898	96.9645	138.6152	40.2518	37.7989	46.5984	11.4874	11.5650	42.1043	38.3167	38.4130	40.3136	47.9637	--undefined--	--undefined--	854.0498	862.1622	2261.1860	2320.1736	HH	AE1	N	HH	1	_hand	16.4624	23.2022	10.3411	14.3424	None	None	0
11.5700	11.8400	122.2038	117.1915	138.6152	54.4454	49.1575	56.1253	11.5750	11.7585	47.9637	53.8742	55.4150	56.0363	53.5146	1.229%	3.392%	604.7401	616.8105	1880.5819	1916.4761	AE1	N	HH	AE1	2	_hand	16.4624	23.2022	17.2109	18.7280	None	None	0
11.8400	11.9400	120.1684	118.6698	125.0151	50.2410	48.2391	53.0801	11.9350	11.8450	53.5146	51.3645	49.9997	48.8951	48.0256	0.702%	5.491%	304.8190	308.7725	1522.6690	1503.0440	N	D	AE1	AY1	3	_hand	16.4624	23.2022	10.1749	15.7888	None	None	-2
11.9400	12.1000	135.4677	125.0151	144.2876	34.4524	25.2522	47.7472	12.0950	11.9450	48.0256	41.5103	30.4789	29.4932	24.0117	5.662%	26.577%	957.8986	1147.4228	2067.1488	2056.0715	D	sp	N	AY1	4	_hand	16.4624	23.2022	18.9535	23.2022	None	None	-1
12.1000	12.2000	0.0010	--undefined--	--undefined--	22.5042	20.7473	24.5655	12.1273	12.1783	24.0117	20.7593	21.5567	24.5080	23.1629	--undefined--	--undefined--	1219.2525	1111.6384	2326.0065	2175.5567	sp	AY1	D	AY1	1	.	3.3108	4.0648	3.3108	4.0648	None	None	-1
12.2000	12.2500	0.0010	--undefined--	--undefined--	22.5393	22.3602	22.8547	12.2298	12.2050	23.1629	22.6041	22.3796	22.4060	22.4232	--undefined--	--undefined--	864.2971	792.7680	2496.9000	2466.7664	AY1	sp	sp	AY1	1	_i	3.2191	3.6136	3.2191	3.6136	None	None	-1
12.2500	12.2900	0.0010	--undefined--	--undefined--	21.2672	19.9128	22.2829	12.2819	12.2550	22.4232	22.0081	21.1706	20.1614	20.9641	--undefined--	--undefined--	1452.5900	1455.2909	2423.0005	2425.4279	sp	K	AY1	AH0	1	.	5.7318	6.4574	5.7318	6.4574	None	None	-1
12.2900	12.3200	0.0010	--undefined--	--undefined--	29.6241	22.8069	36.0404	12.2950	12.3150	20.9641	24.2801	29.8310	34.6427	38.4037	--undefined--	--undefined--	659.8496	525.2811	2151.5943	2181.4560	K	AH0	sp	AH0	1	_can	9.6422	12.1233	4.5041	5.1488	None	None	0
12.3200	12.3500	0.0010	--undefined--	--undefined--	42.4827	40.3212	44.5464	12.3250	12.3450	38.4037	41.1219	42.9639	44.2017	45.1744	--undefined--	--undefined--	360.6581	370.7185	2293.0353	2299.9881	AH0	N	K	AH0	2	_can	9.6422	12.1233	9.5399	10.9598	None	None	-2
12.3500	12.3800	98.9755	98.9755	98.9755	46.9964	45.7589	48.2417	12.3550	12.3750	45.1744	46.0659	46.9945	47.9354	48.8425	--undefined--	--undefined--	402.4644	417.1142	2315.1807	2346.6264	N	R	AH0	AH1	3	_can	9.6422	12.1233	11.9898	12.1233	None	None	-1
12.3800	12.4100	99.2067	98.9755	99.3995	50.1829	49.4065	50.9229	12.3850	12.4050	48.8425	49.6686	50.3587	50.8271	51.0152	0.863%	--undefined--	434.7831	434.2414	1821.8739	1818.8431	R	AH1	N	AH1	1	_run	11.5656	13.2347	12.7902	13.1543	None	None	0
12.4100	12.4400	99.4269	99.3890	99.4504	50.2234	49.4190	51.0204	12.4350	12.4109	51.0152	50.8974	50.4624	49.7191	48.7343	2.937%	--undefined--	531.2353	528.2976	1593.2197	1604.2164	AH1	N	R	AH1	2	_run	11.5656	13.2347	12.5696	13.2347	None	None	-2
12.4400	12.4700	58.2060	44.4657	99.3890	46.6570	45.3617	47.9948	12.4650	12.4450	48.7343	47.6208	46.5138	45.6044	44.9879	--undefined--	--undefined--	633.7243	629.3194	1355.6346	1364.7091	N	L	AH1	AY1	3	_run	11.5656	13.2347	7.7369	9.6959	None	None	-1
12.4700	12.5000	44.3325	44.2496	44.4657	44.8360	44.6175	44.9602	12.4826	12.4950	44.9879	44.6698	44.6307	44.8367	45.2993	--undefined--	--undefined--	691.2013	690.2839	1205.4343	1219.7515	L	AY1	N	AY1	1	_like	3.7595	4.9974	2.8067	3.0514	None	None	0
12.5000	12.5600	90.6192	44.3178	97.2796	47.3486	45.7274	48.3399	12.5050	12.5395	45.2993	46.7688	48.0661	48.2530	47.0234	1.447%	6.083%	661.1612	665.4619	1599.4082	1594.2941	AY1	K	L	AY1	2	_like	3.7595	4.9974	3.8153	4.9221	None	None	-2
12.5600	12.5900	95.0958	92.9345	97.1032	43.7316	41.1023	46.2708	12.5850	12.5650	47.0234	45.8218	44.1652	41.9614	39.1469	5.387%	--undefined--	455.2135	452.7370	2147.0446	2188.3314	K	DH	AY1	DH	3	_like	3.7595	4.9974	4.4456	4.9974	None	None	-1
12.5900	12.6200	92.9345	92.9345	92.9345	33.5733	30.2782	37.0305	12.6189	12.5950	39.1469	35.9124	32.6802	30.7929	30.4097	--undefined--	--undefined--	525.3014	508.5893	1550.9401	1544.3239	DH	IH1	K	DH	1	_this	6.3732	8.4204	4.9389	6.2599	None	None	0
12.6200	12.6500	0.0010	--undefined--	--undefined--	31.9427	30.7486	33.1542	12.6250	12.6450	30.4097	30.9247	31.6864	32.7237	34.2021	--undefined--	--undefined--	551.3779	534.8052	2279.7609	2253.5134	IH1	S	DH	IH1	2	_this	6.3732	8.4204	7.9706	8.4204	None	None	-2
12.6500	12.6800	0.0010	--undefined--	--undefined--	37.3349	35.3492	39.2155	12.6550	12.6750	34.2021	35.9252	37.6104	38.8840	39.6927	--undefined--	--undefined--	686.0567	673.8096	2197.8517	2223.6584	S	AE1	IH1	AE1	3	_this	6.3732	8.4204	5.5988	6.6223	None	None	-1
12.6800	12.7100	0.0010	--undefined--	--undefined--	40.8423	40.0475	41.7577	12.6850	12.7050	39.6927	40.2078	40.6736	41.4666	42.3894	--undefined--	--undefined--	766.1609	779.4010	1901.0602	1888.6593	AE1	N	S	AE1	1	_and	3.5724	4.6704	4.5427	4.6704	None	None	-2
12.7100	12.7600	80.8946	80.4737	81.1051	43.5226	42.9743	43.8093	12.7150	12.7348	42.3894	43.5596	43.8093	43.6476	43.6486	--undefined--	--undefined--	524.7112	636.9043	1842.9031	2114.0249	N	Y	AE1	Y	2	_and	3.5724	4.6704	2.8655	3.9628	None	None	-1
12.7600	12.7900	80.8434	80.4183	81.8697	44.1351	43.7394	44.5472	12.7650	12.7850	43.6486	43.8047	44.0705	44.4216	44.8103	--undefined--	--undefined--	360.5149	363.0070	1223.4791	1015.9960	Y	UH1	N	Y	1	_you	2.7910	4.1432	2.0086	2.2502	None	None	-2
12.7900	12.8200	84.3988	81.8697	87.5813	45.3931	45.0662	45.6903	12.7950	12.8150	44.8103	45.1830	45.4849	45.6570	45.7087	4.991%	--undefined--	590.6594	613.3664	1706.3376	1765.9575	UH1	N	Y	UH1	2	_you	2.7910	4.1432	3.4538	4.1432	None	None	-1
12.8200	12.9100	99.5707	87.5813	108.3651	50.5000	45.7108	56.8405	12.8250	12.9050	45.7087	46.1294	49.8347	54.6644	57.2505	2.990%	34.631%	442.0930	406.6760	988.0927	984.0981	N	OW1	UH1	OW1	1	_know	10.9305	16.0848	6.6851	8.1315	None	None	-2
12.9100	13.2500	117.1905	108.3651	128.2944	55.4358	47.9254	59.6204	13.2450	12.9651	57.2505	58.9882	55.0286	53.1291	46.9421	0.851%	5.051%	463.1611	428.0159	1451.1731	1473.4563	OW1	sp	N	OW1	2	_know	10.9305	16.0848	11.5942	16.0848	None	None	-1
13.2500	13.8600	131.5229	128.2944	133.7081	29.0407	20.2454	45.8000	13.4816	13.2550	46.9421	33.5619	28.6010	29.0929	21.0257	2.852%	2.190%	1063.6860	1250.0867	1816.6312	1664.9061	sp	P	OW1	EH1	1	.	13.8308	25.7608	13.8308	25.7608	None	None	-1
13.8600	13.9200	0.0010	--undefined--	--undefined--	26.8214	20.9176	37.7237	13.8633	13.9150	21.0257	21.7719	24.0131	31.2701	40.2723	--undefined--	--undefined--	1483.1036	1570.0143	2555.8210	2623.5592	P	R	sp	EH1	1	_press	12.1364	16.3832	1.4735	2.2231	None	None	0
13.9200	13.9900	110.8839	108.6522	112.4130	51.6496	42.4600	58.4514	13.9250	13.9850	40.2723	46.8906	52.7926	57.0030	58.7329	7.569%	--undefined--	537.5352	505.6014	1347.8694	1370.2660	R	EH1	P	EH1	2	_press	12.1364	16.3832	10.7156	14.3419	None	None	0
13.9900	14.0500	110.8064	108.1019	112.5371	57.3048	54.0105	58.9245	14.0450	13.9995	58.7329	58.8560	58.1813	56.3132	52.4881	1.745%	14.916%	441.2729	439.4016	1905.6658	1903.3552	EH1	S	R	EH1	3	_press	12.1364	16.3832	15.6833	16.3832	None	None	-2
14.0500	14.0800	105.3431	102.2839	108.1019	46.8113	42.8519	50.7592	14.0750	14.0550	52.4881	49.8200	46.8049	43.7807	41.1880	1.622%	--undefined--	378.0119	374.4808	1918.0716	1903.9859	S	EH1	EH1	EH1	4	_press	12.1364	16.3832	11.9287	13.2684	None	None	-1
14.0800	14.1100	102.2839	102.2839	102.2839	37.6376	35.5289	39.7447	14.1050	14.0850	41.1880	39.1294	37.5573	36.0620	34.2649	--undefined--	--undefined--	359.0524	334.9163	1836.4614	1820.3100	EH1	F	S	EH1	1	_f	5.9851	8.2904	6.5612	8.2904	None	None	-2
14.1100	14.1400	0.0010	--undefined--	--undefined--	34.0863	31.4530	36.2833	14.1223	14.1350	34.2649	32.5106	31.6660	34.7919	39.8898	--undefined--	--undefined--	490.3129	491.8682	1846.1674	1845.8606	F	T	EH1	AH0	2	_f	5.9851	8.2904	5.3208	6.7388	None	None	-1
14.1400	14.1700	115.5214	115.5168	115.5536	49.0477	43.6849	54.2148	14.1450	14.1650	39.8898	45.3466	49.8118	53.2633	55.8187	--undefined--	--undefined--	532.4038	535.8754	1785.8688	1783.0400	T	AH0	F	AH0	1	_to	27.5124	34.6780	16.7297	19.2707	None	None	-2
14.1700	14.5600	114.5862	109.9115	120.5841	50.5000	34.4437	59.3775	14.5550	14.2057	55.8187	58.8536	55.3642	42.1911	34.2018	1.769%	7.742%	447.3693	464.3483	1678.4982	1634.3797	AH0	sp	T	AH0	2	_to	27.5124	34.6780	27.8083	34.6780	None	None	-1
14.5600	15.8700	0.0010	--undefined--	--undefined--	23.2267	17.6289	36.0110	15.8331	14.6221	34.2018	21.0937	19.9154	26.0544	24.7642	--undefined--	--undefined--	1335.9610	552.7311	2270.7185	2034.7464	sp	IH2	AH0	IH2	1	.	7.5648	19.3894	7.5648	19.3894	None	None	-1
15.8700	15.9700	85.6835	85.6835	85.6835	40.3208	27.3368	43.9701	15.8750	15.9623	24.7642	38.9929	43.5946	43.4440	43.8373	--undefined--	--undefined--	584.3783	593.9558	1915.4271	1914.3486	IH2	N	sp	IH2	1	_interact	10.5320	19.6981	9.0512	10.8155	None	None	0
15.9700	16.1900	87.5195	82.0646	92.5677	45.0063	41.3867	48.7777	16.0357	16.1850	43.8373	41.9231	45.3622	46.6434	48.8648	4.110%	7.051%	474.1063	434.7856	2175.2080	2171.9598	N	ER0	IH2	ER0	2	_interact	10.5320	19.6981	7.4378	10.0526	None	None	0
16.1900	16.2500	84.4987	82.4299	85.1401	49.4212	48.9248	49.8610	16.1950	16.2411	48.8648	49.0482	49.4561	49.8324	49.7938	5.747%	7.051%	587.1594	588.6966	1483.4520	1485.7438	ER0	R	N	ER0	3	_interact	10.5320	19.6981	8.0112	9.7207	None	None	0
16.2500	16.2800	82.0339	81.8360	82.4299	49.4197	49.1276	49.7101	16.2750	16.2550	49.7938	49.6660	49.4982	49.2508	48.8086	--undefined--	--undefined--	595.1841	596.3724	1096.4567	1103.0118	R	AE1	ER0	AE1	4	_interact	10.5320	19.6981	3.5387	4.0387	None	None	0
16.2800	16.3100	0.0010	--undefined--	--undefined--	46.7918	45.1660	48.3745	16.3050	16.2850	48.8086	48.1041	47.0828	45.7176	43.9117	--undefined--	--undefined--	735.0262	805.1412	2048.3989	2459.6370	AE1	K	R	AE1	5	_interact	10.5320	19.6981	2.4536	2.7729	None	None	0
16.3100	16.3900	0.0010	--undefined--	--undefined--	30.1615	22.7039	42.4281	16.3786	16.3150	43.9117	36.4435	27.8089	23.1492	23.7593	--undefined--	--undefined--	692.6670	706.8970	1336.2130	1174.5590	K	T	AE1	IH1	6	_interact	10.5320	19.6981	2.2140	3.7223	None	None	-2
16.3900	16.4700	0.0010	--undefined--	--undefined--	37.3420	25.1217	44.1390	16.3950	16.4650	23.7593	32.2875	39.9408	42.6698	45.5238	--undefined--	--undefined--	1241.3475	1200.7067	2335.7146	2331.8510	T	W	K	IH1	7	_interact	10.5320	19.6981	17.1237	19.6981	None	None	-1
16.4700	16.5000	0.0010	--undefined--	--undefined--	50.4166	47.2051	53.4645	16.4750	16.4950	45.5238	48.0804	50.7643	52.8876	54.3871	--undefined--	--undefined--	769.0829	766.9903	1685.0149	1718.4176	W	IH1	T	IH1	1	_with	31.8681	38.8835	11.3490	12.2885	None	None	0
16.5000	16.5700	0.0010	--undefined--	--undefined--	54.4719	51.5589	55.8065	16.5650	16.5215	54.3871	55.7921	55.4534	53.8895	50.2598	--undefined--	--undefined--	597.8277	603.9356	1609.4789	1593.2156	IH1	TH	W	IH1	2	_with	31.8681	38.8835	16.0111	20.9799	None	None	-2
16.5700	16.7800	0.0010	--undefined--	--undefined--	40.3627	29.0952	48.8232	16.7356	16.5750	50.2598	41.4306	41.9925	31.4725	47.9118	--undefined--	--undefined--	747.7216	796.3405	1947.9559	1893.5643	TH	AA1	IH1	TH	3	_with	31.8681	38.8835	33.5302	38.8835	None	None	-1
16.7800	16.9200	0.0010	--undefined--	--undefined--	53.7144	48.8439	56.6476	16.7850	16.8573	47.9118	52.0286	56.5658	55.7212	50.2830	--undefined--	--undefined--	656.7473	667.7687	1661.6475	1674.4466	AA1	B	TH	AA1	1	_objects	22.8094	33.7932	10.1762	11.7438	None	None	0
16.9200	17.0700	0.0010	--undefined--	--undefined--	33.1029	22.7733	48.7111	17.0499	16.9250	50.2830	34.5340	33.0483	27.4570	31.2467	--undefined--	--undefined--	1036.2485	1349.0848	1999.1199	2157.8442	B	JH	AA1	JH	2	_objects	22.8094	33.7932	21.0561	26.1989	None	None	0
17.0700	17.1700	0.0010	--undefined--	--undefined--	45.3072	33.9328	51.8987	17.0750	17.1650	31.2467	41.9555	47.5695	48.9581	52.4507	--undefined--	--undefined--	1925.4136	1921.3883	2812.2055	2819.6699	JH	EH0	B	JH	3	_objects	22.8094	33.7932	30.1589	33.7932	None	None	0
17.1700	17.3800	91.7214	89.8829	96.2500	49.3173	46.0919	53.0661	17.2650	17.1841	52.4507	50.4080	46.7462	49.0214	49.0205	2.193%	6.544%	359.8908	367.8184	2067.1484	2160.3547	EH0	K	JH	EH0	4	_objects	22.8094	33.7932	13.1119	18.3641	None	None	0
17.3800	17.4100	100.6211	96.2500	102.7887	48.2104	47.3315	49.0411	17.4050	17.3801	49.0205	48.8709	48.3669	47.5473	47.0598	8.054%	--undefined--	425.6728	411.6703	2537.8797	2552.9150	K	T	EH0	EH1	5	_objects	22.8094	33.7932	5.2904	6.7886	None	None	0
17.4100	17.4400	102.4179	102.4179	102.4179	48.2146	46.9934	49.3383	17.4120	17.4350	47.0598	47.2278	48.1444	49.0806	49.6988	--undefined--	--undefined--	1190.3693	974.4617	2153.0129	2112.3931	T	S	K	EH1	6	_objects	22.8094	33.7932	15.7435	17.9506	None	None	-2
17.4400	17.4700	0.0010	--undefined--	--undefined--	49.8152	49.7000	49.9945	17.4650	17.4518	49.6988	49.9767	49.9769	49.8006	49.4382	--undefined--	--undefined--	1790.8449	1792.0094	2347.3388	2360.7906	S	P	T	EH1	7	_objects	22.8094	33.7932	18.0652	18.9285	None	None	-1
17.4700	17.5100	0.0010	--undefined--	--undefined--	47.4389	45.6336	49.0895	17.5050	17.4750	49.4382	48.6440	47.4995	46.1697	45.4146	--undefined--	--undefined--	1693.2290	1693.0224	2242.7981	2244.7929	P	R	S	EH1	1	_press	6.6829	14.4556	11.6490	14.4556	None	None	0
17.5100	17.6500	84.9437	84.5248	85.4649	50.2705	45.3816	51.5949	17.5106	17.5692	45.4146	50.3296	51.4192	50.9158	51.4411	2.330%	11.830%	474.2760	461.8822	1283.6595	1269.5475	R	EH1	P	EH1	2	_press	6.6829	14.4556	6.7470	8.2894	None	None	0
17.6500	17.7700	83.6391	82.3283	85.9733	50.2718	46.7511	51.7094	17.7650	17.6687	51.4411	51.5931	50.6942	49.6629	45.8071	2.082%	6.825%	707.0811	706.8147	1480.0674	1478.5042	EH1	S	R	EH1	3	_press	6.6829	14.4556	2.9581	3.7601	None	None	-2
17.7700	17.8000	86.1279	85.9733	86.2268	41.8076	38.8238	44.7232	17.7950	17.7750	45.8071	44.1272	42.1117	39.7056	36.9085	21.907%	--undefined--	515.8095	492.8234	1546.8929	1545.6151	S	EH1	EH1	EH1	4	_press	6.6829	14.4556	2.5223	2.6817	None	None	-1
17.8000	17.8300	86.2268	86.2268	86.2268	31.4197	28.0948	34.9101	17.8250	17.8050	36.9085	33.8992	30.9575	28.6919	27.1281	--undefined--	--undefined--	656.8310	663.0482	1561.0286	1538.8387	EH1	F	S	EH1	1	_f	2.5176	3.8502	2.1906	2.3866	None	None	-2
17.8300	17.8700	0.0010	--undefined--	--undefined--	28.5769	26.4480	31.3718	17.8384	17.8650	27.1281	26.4550	27.9095	30.3714	31.9375	--undefined--	--undefined--	808.3642	809.9583	1581.3151	1583.6316	F	T	EH1	UW1	2	_f	2.5176	3.8502	2.7477	3.8502	None	None	-1
17.8700	17.9000	0.0010	--undefined--	--undefined--	34.8915	32.4510	37.7779	17.8750	17.8950	31.9375	32.7972	34.1951	36.8741	39.4432	--undefined--	--undefined--	873.9867	864.3971	1843.8194	1937.9933	T	UW1	F	UW1	1	_to	2.9350	4.2640	3.7426	4.2640	None	None	-2
17.9000	17.9800	52.0526	37.3667	88.8211	43.8014	40.8621	45.9186	17.9050	17.9628	39.4432	42.8193	44.0207	45.8515	44.2385	--undefined--	--undefined--	423.1162	419.8200	1287.4669	1303.6558	UW1	D	T	UW1	2	_to	2.9350	4.2640	2.5886	3.5295	None	None	-1
17.9800	18.0100	82.7510	82.4004	83.2898	39.4106	35.6412	43.0554	18.0050	17.9850	44.2385	42.3383	39.7602	36.6716	33.6211	--undefined--	--undefined--	377.3249	364.3214	1432.9719	1409.4733	D	R	UW1	IH1	1	_drink	5.2083	7.1113	4.9546	5.9180	None	None	0
18.0100	18.0400	0.0010	--undefined--	--undefined--	29.6185	27.4988	31.7886	18.0350	18.0150	33.6211	31.0251	29.1706	27.8243	26.9464	--undefined--	--undefined--	684.6408	549.6438	1657.8321	1627.2791	R	IH1	D	IH1	2	_drink	5.2083	7.1113	6.3617	6.4101	None	None	0
18.0400	18.0700	0.0010	--undefined--	--undefined--	29.1702	26.7633	31.7110	18.0427	18.0650	26.9464	27.0705	28.6166	30.9712	32.9563	--undefined--	--undefined--	1591.0873	1557.3572	2407.7978	2430.9197	IH1	NG	R	IH1	3	_drink	5.2083	7.1113	6.9162	7.1113	None	None	0
18.0700	18.1000	0.0010	--undefined--	--undefined--	33.7454	33.4389	34.5091	18.0950	18.0836	32.9563	34.1908	34.4938	33.8442	32.2806	--undefined--	--undefined--	523.6076	522.7011	1522.4401	1512.2856	NG	K	IH1	NG	4	_drink	5.2083	7.1113	4.8772	6.2592	None	None	-2
18.1000	18.1400	0.0010	--undefined--	--undefined--	31.4968	28.2565	35.8110	18.1160	18.1350	32.2806	29.3365	28.6182	32.6963	38.5307	--undefined--	--undefined--	1178.7189	1186.6107	2481.9344	2487.6113	K	W	NG	AO1	5	_drink	5.2083	7.1113	2.2680	2.4709	None	None	-1
18.1400	18.1700	0.0010	--undefined--	--undefined--	44.0295	40.9821	46.9642	18.1450	18.1650	38.5307	42.0331	44.6352	46.4906	47.7070	--undefined--	--undefined--	930.2689	926.1763	2411.2702	2612.1887	W	AO1	K	AO1	1	_water	12.6150	23.3701	2.2958	2.3370	None	None	0
18.1700	18.2800	0.0010	--undefined--	--undefined--	48.1065	45.3461	49.3923	18.2750	18.2266	47.7070	48.1112	49.3843	48.2385	44.0354	--undefined--	--undefined--	826.0368	804.7485	1005.6942	1002.7405	AO1	T	W	AO1	2	_water	12.6150	23.3701	2.2712	2.5912	None	None	0
18.2800	18.4600	0.0010	--undefined--	--undefined--	37.9741	28.1510	47.7580	18.3606	18.4550	44.0354	32.2625	30.6542	43.7849	48.1677	--undefined--	--undefined--	1070.5107	984.7834	2227.3610	2141.2505	T	ER0	AO1	ER0	3	_water	12.6150	23.3701	17.0574	23.3701	None	None	-2
18.4600	18.7000	555.6154	550.0163	559.0639	34.2172	21.8635	48.6145	18.6950	18.4723	48.1677	45.1300	30.2751	25.1279	21.6935	5.051%	18.431%	542.1661	528.8485	1900.9168	1968.1241	ER0	sp	T	ER0	4	_water	12.6150	23.3701	5.4799	9.7011	None	None	-1
18.7000	19.8300	0.0010	--undefined--	--undefined--	22.1778	15.2458	36.2566	19.0779	18.7928	21.6935	22.6270	17.9756	21.1000	31.8802	--undefined--	--undefined--	1432.4451	1473.5098	2351.9665	2339.5328	sp	HH	ER0	HH	1	.	19.9199	32.5925	19.9199	32.5925	None	None	-1
19.8300	19.8600	0.0010	--undefined--	--undefined--	40.4724	35.6088	45.0823	19.8350	19.8550	31.8802	37.2213	41.4416	44.3689	46.1198	--undefined--	--undefined--	1659.5553	1670.2885	2598.1729	2587.5744	HH	UW1	sp	HH	1	_hu	22.2987	24.6327	20.8129	23.4404	None	None	-2
19.8600	19.8900	0.0010	--undefined--	--undefined--	45.4483	44.0639	46.7486	19.8850	19.8681	46.1198	46.7430	46.2845	44.7664	42.3143	--undefined--	--undefined--	1530.7970	1546.0119	2050.0516	2011.8102	UW1	sp	HH	UW1	2	_hu	22.2987	24.6327	23.4037	24.6327	None	None	-1
19.8900	20.0800	0.0010	--undefined--	--undefined--	26.9635	21.1366	40.3644	20.0615	19.8950	42.3143	30.1544	24.1555	23.0010	23.8435	--undefined--	--undefined--	1566.8508	1568.7821	2748.4173	2967.7655	sp	HH	UW1	HH	1	.	10.9980	18.0835	10.9980	18.0835	None	None	-1
20.0800	20.1100	0.0010	--undefined--	--undefined--	28.5975	25.3164	31.9467	20.0850	20.1050	23.8435	26.0720	28.4936	31.1084	33.5576	--undefined--	--undefined--	1703.3667	1912.6193	2807.2573	3032.6984	HH	AH1	sp	HH	1	_huh	17.6515	20.3328	19.3827	20.3328	None	None	-2
20.1100	20.1600	0.0010	--undefined--	--undefined--	35.0876	32.4711	36.9482	20.1550	20.1307	33.5576	36.3934	36.7976	34.6723	30.9129	--undefined--	--undefined--	1101.6161	1025.9241	2407.1304	2676.3622	AH1	sp	HH	AH1	2	_huh	17.6515	20.3328	16.1404	19.0838	None	None	-1
20.1600	20.3800	0.0010	--undefined--	--undefined--	24.7082	21.4363	29.5052	20.3523	20.1650	30.9129	26.6225	25.2736	21.9014	23.9527	--undefined--	--undefined--	1157.6612	1418.1957	2065.3131	2309.2113	sp	P	AH1	EH1	1	.	2.8651	7.2771	2.8651	7.2771	None	None	-1
20.3800	20.4700	0.0010	--undefined--	--undefined--	33.7062	24.8107	45.4082	20.3850	20.4650	23.9527	26.7291	33.5162	39.1831	48.1680	--undefined--	--undefined--	1501.4902	1365.9902	2404.9420	2281.7693	P	R	sp	EH1	1	_press	31.6486	38.6488	14.1098	18.7505	None	None	0
20.4700	20.5200	147.7017	146.5660	149.1855	56.8817	50.9262	60.6766	20.4750	20.5150	48.1680	54.3672	58.2407	60.1575	60.8635	3.629%	0.887%	808.9430	569.8457	1627.2899	1542.2206	R	EH1	P	EH1	2	_press	31.6486	38.6488	17.0989	18.6197	None	None	0
20.5200	20.5700	153.0967	149.1855	158.4583	58.7103	55.0688	60.9158	20.5650	20.5245	60.8635	60.7582	59.6161	57.1546	53.4897	3.686%	13.277%	523.5194	521.2628	1649.3014	1644.4663	EH1	S	R	EH1	3	_press	31.6486	38.6488	27.1494	31.8094	None	None	-2
20.5700	20.6800	159.1232	158.4583	159.4557	45.9372	43.6091	51.8872	20.6307	20.5750	53.4897	46.7299	43.6943	44.2823	47.4508	3.860%	--undefined--	688.0883	853.9744	1867.3215	2001.3141	S	EH1	EH1	EH1	4	_press	31.6486	38.6488	35.6894	38.6488	None	None	-1
20.6800	20.8000	121.2372	119.9609	122.2606	56.2125	49.0045	59.9342	20.6850	20.7559	47.4508	54.7406	59.2316	59.3782	52.1270	2.802%	23.322%	680.1958	682.0244	1607.0183	1609.7964	EH1	F	S	EH1	1	_f	18.5896	25.2410	10.7029	12.8824	None	None	-2
20.8000	20.8700	122.1383	121.9682	122.2602	38.2044	31.2373	49.8315	20.8682	20.8050	52.1270	43.1008	35.8619	32.6585	31.1634	10.729%	--undefined--	1016.4912	1323.2779	1825.7370	2135.0647	F	T	EH1	AH0	2	_f	18.5896	25.2410	22.4553	25.2410	None	None	-1
20.8700	20.9200	0.0010	--undefined--	--undefined--	39.7103	31.5283	48.4688	20.8750	20.9150	31.1634	33.5783	39.3722	45.4464	50.0876	--undefined--	--undefined--	1220.7472	1471.0226	1662.2330	1592.9658	T	AH0	F	AH0	1	_to	14.6033	23.9711	16.9738	20.0245	None	None	-2
20.9200	21.7300	106.0086	99.3004	111.0191	46.1936	20.8210	58.2191	21.7250	21.3123	50.0876	54.3312	57.9194	45.7699	20.4555	3.035%	14.633%	598.3351	554.8330	1408.4421	916.4797	AH0	sp	T	AH0	2	_to	14.6033	23.9711	14.4042	23.9711	None	None	-1
21.7300	22.7600	0.0010	--undefined--	--undefined--	19.4764	16.4748	23.4453	22.5913	21.8334	20.4555	18.1235	19.4168	18.2980	19.2630	--undefined--	--undefined--	1503.7102	1976.2505	2410.0824	3022.1025	sp	Y	AH0	Y	1	.	1.7161	4.2275	1.7161	4.2275	None	None	-1
22.7600	22.7900	0.0010	--undefined--	--undefined--	21.3677	19.7675	22.9545	22.7650	22.7850	19.2630	20.1264	21.4133	22.6373	23.3760	--undefined--	--undefined--	1608.9851	1781.3240	2519.1047	2513.1265	Y	UW1	sp	Y	1	_use	4.1850	6.6252	1.7348	2.0729	None	None	0
22.7900	22.8200	0.0010	--undefined--	--undefined--	23.1475	22.7060	23.5696	22.8168	22.7963	23.3760	23.5441	23.2103	22.7927	22.7819	--undefined--	--undefined--	815.0423	804.6532	2086.2081	1955.2852	UW1	Z	Y	UW1	2	_use	4.1850	6.6252	3.1957	3.8799	None	None	-2
22.8200	22.8600	0.0010	--undefined--	--undefined--	22.5433	21.3420	23.3136	22.8550	22.8343	22.7819	23.1766	23.1910	22.1817	20.3610	--undefined--	--undefined--	1225.2468	1235.6983	2546.5906	2552.7884	Z	sp	UW1	DH	3	_use	4.1850	6.6252	5.8764	6.6252	None	None	-1
22.8600	23.4100	0.0010	--undefined--	--undefined--	23.0169	17.8705	28.3454	22.8835	23.3762	20.3610	18.7929	22.6759	25.5012	27.0980	--undefined--	--undefined--	718.9299	837.9278	2152.8679	2269.3650	sp	DH	Z	DH	1	.	2.1750	3.7543	2.1750	3.7543	None	None	-1
23.4100	23.4400	0.0010	--undefined--	--undefined--	26.7946	26.5326	26.8675	23.4264	23.4150	27.0980	26.7621	26.5374	26.5724	27.3261	--undefined--	--undefined--	709.8510	688.6055	2152.0542	2143.8422	DH	AH1	sp	DH	1	_the	24.0382	31.0652	2.0586	2.1559	None	None	-2
23.4400	24.0300	0.0010	--undefined--	--undefined--	39.7418	26.3705	49.5727	24.0250	23.8481	27.3261	42.9020	35.6487	42.4855	25.6694	--undefined--	--undefined--	886.3067	870.8573	2350.0318	2397.7125	AH1	sp	DH	AH1	2	_the	24.0382	31.0652	24.2522	31.0652	None	None	-1
24.0300	24.8700	0.0010	--undefined--	--undefined--	22.9866	17.1948	39.4594	24.5067	24.7110	25.6694	22.8845	19.9309	21.6362	27.5051	--undefined--	--undefined--	1662.4191	1912.7326	2552.0199	2618.4504	sp	K	AH1	AE1	1	.	9.3421	21.7973	9.3421	21.7973	None	None	-1
24.8700	24.9000	0.0010	--undefined--	--undefined--	37.5315	31.6579	43.0682	24.8750	24.8950	27.5051	33.4808	38.5184	42.1344	44.5328	--undefined--	--undefined--	1453.7052	1715.7776	2592.5232	2816.4858	K	AE1	sp	AE1	1	_calculater	24.9412	40.2332	3.5129	3.7151	None	None	0
24.9000	25.5100	717.0573	708.7469	725.8059	44.1140	32.1033	51.9122	25.5050	25.1716	44.5328	45.5605	50.3744	46.6419	31.5704	2.871%	--undefined--	1255.5762	1499.5051	2068.8937	2016.3389	AE1	L	K	AE1	2	_calculater	24.9412	40.2332	16.5524	26.9833	None	None	0
25.5100	25.5700	0.0010	--undefined--	--undefined--	27.6457	24.5379	30.9813	25.5650	25.5150	31.5704	29.6149	27.4979	25.7227	23.9110	--undefined--	--undefined--	1178.0836	1167.0808	2133.4751	2184.1588	L	K	AE1	Y	3	_calculater	24.9412	40.2332	2.7960	4.8903	None	None	0
25.5700	27.6500	0.0010	--undefined--	--undefined--	19.8348	15.0542	42.7284	26.0789	27.6450	23.9110	15.4478	19.7778	19.2479	44.0681	--undefined--	--undefined--	1410.1551	1012.5925	2424.2823	2260.1102	K	Y	L	Y	4	_calculater	24.9412	40.2332	4.3124	20.8663	None	None	0
27.6500	27.6900	0.0010	--undefined--	--undefined--	52.5441	45.7438	58.5855	27.6550	27.6850	44.0681	48.1093	53.0857	57.0984	59.7528	--undefined--	--undefined--	1177.5652	1185.8843	1890.6941	1896.4404	Y	AH0	K	Y	5	_calculater	24.9412	40.2332	20.9617	21.4151	None	None	0
27.6900	27.8300	142.8679	142.2459	144.3813	53.1017	43.0146	62.0341	27.8250	27.7135	59.7528	61.4984	53.6462	45.3970	42.5248	3.224%	14.785%	582.2790	375.4637	1756.0615	1685.1366	AH0	L	Y	AH0	6	_calculater	24.9412	40.2332	36.7789	40.2332	None	None	0
27.8300	27.9200	548.1507	541.3659	553.5181	44.3091	38.1987	54.5906	27.8576	27.9150	42.5248	38.5468	41.1737	48.7709	55.9923	8.038%	25.832%	550.2254	548.2859	1609.5486	1624.2366	L	AH0	AH0	AH0	7	_calculater	24.9412	40.2332	31.8998	38.7190	None	None	0
27.9200	27.9900	229.1283	120.9411	553.4160	58.3962	53.7727	61.0566	27.9850	27.9519	55.9923	59.8324	60.9954	58.2887	51.3669	5.536%	25.042%	678.3019	646.0332	1654.7956	1638.0379	AH0	T	L	AH0	8	_calculater	24.9412	40.2332	20.1349	22.8415	None	None	0
27.9900	28.1400	121.9788	121.9741	121.9811	40.0745	31.6532	48.8267	28.0643	27.9950	51.3669	40.0627	31.6608	41.0952	47.7984	--undefined--	--undefined--	1224.6245	985.4931	1984.1417	1358.8499	T	EH0	AH0	EH0	9	_calculater	24.9412	40.2332	27.3017	30.9897	None	None	-2
28.1400	28.4300	115.2561	109.5328	124.6968	48.0222	33.3164	54.0781	28.3429	28.2417	47.7984	53.5665	47.4576	37.6188	46.7094	2.663%	9.721%	824.6620	1990.4069	2241.1342	2802.4433	EH0	K	T	EH0	10	_calculater	24.9412	40.2332	27.8856	34.2332	None	None	-1
28.4300	28.5400	110.3995	110.3995	110.3995	45.6900	41.6269	51.9344	28.4473	28.5350	46.7094	43.3586	46.0655	44.8753	53.3806	--undefined--	--undefined--	826.2854	756.6923	2110.8015	2077.8783	K	AE1	EH0	AE1	1	_calculate	13.2678	21.0110	17.7251	21.0110	None	None	0
28.5400	28.5900	111.4808	111.1163	111.7594	57.4805	54.6671	59.2471	28.5450	28.5852	53.3806	56.2677	58.1512	59.1047	59.1811	2.498%	21.167%	768.2076	780.5924	1404.7440	1394.7260	AE1	L	K	AE1	2	_calculate	13.2678	21.0110	13.3840	14.5572	None	None	0
28.5900	28.6600	112.0605	111.0513	113.0419	54.6558	47.2485	59.0063	28.6550	28.5950	59.1811	58.1930	56.0391	51.8380	45.0618	4.395%	19.753%	510.6992	504.0815	1286.4823	1282.1557	L	K	AE1	Y	3	_calculate	13.2678	21.0110	12.7766	14.1106	None	None	0
28.6600	28.7200	111.8114	111.4621	112.5098	37.6278	35.3675	42.8011	28.6942	28.6650	45.0618	38.4302	35.3603	35.8941	37.5551	--undefined--	--undefined--	1196.5857	1195.5587	1977.2429	1978.9551	K	Y	L	Y	4	_calculate	13.2678	21.0110	16.6820	18.5119	None	None	0
28.7200	28.7600	0.0010	--undefined--	--undefined--	44.4179	38.7985	49.5160	28.7250	28.7550	37.5551	40.6509	44.7848	48.2581	50.4290	--undefined--	--undefined--	1056.4119	1056.6685	2202.9393	2201.8236	Y	AH0	K	Y	5	_calculate	13.2678	21.0110	15.4574	16.5342	None	None	0
28.7600	28.7900	0.0010	--undefined--	--undefined--	50.8710	50.6123	51.3430	28.7850	28.7729	50.4290	51.2090	51.3217	50.8525	50.0024	--undefined--	--undefined--	450.1938	454.1538	1673.0303	1657.2414	AH0	L	Y	AH0	6	_calculate	13.2678	21.0110	14.1159	15.4253	None	None	0
28.7900	28.8700	85.4002	84.3808	86.4495	47.3454	45.7570	49.3451	28.8650	28.7950	50.0024	47.9512	47.3855	46.3750	45.6973	4.490%	5.630%	408.2721	407.3666	1556.8530	1573.3658	L	EY2	AH0	EY2	7	_calculate	13.2678	21.0110	6.8548	9.2063	None	None	0
28.8700	29.1400	77.4780	72.9721	84.3323	42.1232	37.0512	45.6388	28.9893	28.8750	45.6973	44.0873	38.1420	43.7427	41.2461	2.911%	15.416%	899.5384	400.1024	2162.5918	1987.4123	EY2	T	L	EY2	8	_calculate	13.2678	21.0110	6.9318	9.2897	None	None	-2
29.1400	29.1700	138.2805	137.4964	139.8549	40.2058	39.3739	40.9842	29.1650	29.1450	41.2461	40.8385	40.3396	39.6375	38.8031	1.850%	11.502%	604.0427	630.1540	1839.0335	1881.3457	T	sp	EY2	^	9	_calculate	13.2678	21.0110	4.1975	4.3842	None	None	-1
29.1700	41.8800	175.9064	81.1638	406.3823	22.6576	15.4671	57.5778	32.9781	30.7144	38.8031	21.0869	27.3783	24.0852	--undefined--	4.031%	19.334%	1273.8146	1234.4916	2317.5889	1287.3023	sp	^	T	^	1	.	11.0939	30.0120	11.0939	30.0120	None	None	-2
